Insertion Sort in ms1
0
0
0
0
0
2
2
16
639
9595
658
9689
9562
644
654
646
637
9519
2
3
3
4
2
2
2
2
2
2
3
2
3
2
2
2
6
2
2
6
3
6
2
5
3
3
5
5
2
3
4
4
3
4
3
3
2
3
3
4
3
3
4
3
2
2
2
2
2
1
2
2
1
11
12
11
12
14
12
11
11
12
12
12
12
12
16
11
11
11
11
22
18
10
11
14
11
15
10
3
2
2
3
3
3
3
2
2
640
667
9613
9637
9617
9632
9633
643
637
19
720
744
661
10504
10225
10060
9563
683
10
10
18
14
10
10
10
17
11
89
107
9561
9612
9745
95
84
3
91
9839
115
83
98
9610
18
2364
5398
1
30
2787
