Merge Sort in ms0
0
0
0
0
0
1
0
2
22
12
9
12
13
21
41
20
18
22
9
12
0
0
1
1
0
0
0
0
0
1
0
1
0
0
0
1
0
1
0
1
0
0
0
1
0
1
0
0
1
0
1
1
1
0
0
1
1
1
1
1
0
1
1
1
0
1
0
1
0
1
0
1
1
2
1
2
2
1
2
2
1
2
2
2
2
2
2
2
3
2
2
2
1
1
2
2
2
1
3
0
0
0
1
1
0
0
1
0
10
22
10
15
13
12
14
11
697
823
661
672
695
677
646
657
12
10
13
10
11
10
11
15
14
12
22
862
870
884
4
25
2
30
847
27
1
27
1
7
9
0
2
8
